999,52
999,51
999,50
999,49
999,48
999,47
999,46
999,45
999,44
999,43
999,42
999,41
999,40
999,39
999,38
999,37
999,36
999,35
3,2
3,1
3,3
10,128
10,258
10,24
10,198
10,120
10,30
10,92
10,238
10,2
10,3
9,7
8,4
8,9
967,3
967,2
967,1
967,0
651,4
651,3
651,2
651,1
535,4
535,3
535,2
535,1
535,0
488,5
488,4
488,3
488,2
488,1
488,0
37,3
37,1
36,3
36,1
35,3
35,1
32,3
32,1
21,3
21,2
21,1
20,3
20,2
20,1
19,3
19,2
19,1
17,3
17,2
17,1
16,3
16,2
16,1
15,3
15,2
15,1
14,2
13,2
12,3
12,2
12,1
11,28
11,27
11,26
11,25
11,24
11,23
11,22
11,21
11,20
11,19
11,18
11,17
11,16
11,15
11,14
11,13
11,12
11,11
11,10
11,9
11,8
11,7
11,6
11,5
11,4
11,3
11,2
11,1
10,303
10,300
10,298
10,296
10,295
10,285
10,187
