3,2
3,1
3,3
10,146
10,100
651,4
651,3
10,86
651,1
535,4
535,3
535,2
535,1
10,88
535,0
488,5
488,4
488,3
488,2
488,1
10,138
488,0
10,140
10,222
10,4
10,2
10,3
37,3
37,1
36,3
36,1
35,3
35,1
32,3
8,9
32,1
21,3
21,2
21,1
17,3
17,2
17,1
16,3
16,2
16,1
15,3
15,2
15,1
14,2
13,2
12,3
12,2
12,1
11,28
11,27
20,2
11,26
11,25
11,24
11,23
11,22
11,21
11,20
11,19
11,18
11,17
11,16
20,1
11,15
11,14
20,3
11,13
11,12
11,11
11,10
11,9
11,8
11,7
11,6
11,5
11,4
11,3
19,2
19,1
11,2
19,3
11,1
10,303
10,302
10,301
10,300
10,299
10,298
10,297
10,296
10,295
10,294
10,293
10,284
10,282
10,272
10,258
10,238
10,200
18,1
10,118
10,1
18,3
14,1
10,68
9,7
